50
23 45
29 12
29 49
12 11
33 11
43 42
48 49
15 3
42 44
43 10
5 38
38 14
5 14
7 31
30 8
42 35
18 3
37 43
2 28
3 7
4 17
35 26
43 23
10 31
38 42
17 38
41 3
47 15
1 13
38 0
37 4
29 41
5 19
14 48
17 33
16 38
27 48
20 14
25 28
32 3
48 19
17 45
25 49
49 18
38 32
29 4
26 38
43 25
38 2
35 28
28 30
49 24
48 39
3 33
32 4
34 43
5 29
31 28
26 25
22 43
1 37
30 45
15 6
17 26
24 0
2 31
37 32
1 15
29 40
35 32
13 14
18 29
21 40
32 31
16 37
48 10
46 27
20 17
45 22
7 41
16 7
41 45
13 24
3 27
22 32
0 49
8 43
46 39
21 42
35 7
44 38
8 39
43 36
23 44
8 38
45 35
18 24
45 34
12 9
42 13
28 34
18 27
44 31
20 45
34 7
28 26
42 40
28 10
44 45
40 10
7 9
18 38
11 49
24 19
44 24
47 32
23 35
4 41
16 26
35 6
2 4
12 7
45 6
28 11
13 39
24 14
32 49
7 42
7 25
30 43
6 26
22 41
48 45
28 29
13 10
19 28
0 48
22 40
49 44
48 36
28 48
11 21
9 17
15 21
20 18
21 9
30 40
6 25
33 37
41 40
48 8
36 40
47 23
25 11
0 36
44 16
40 39
33 19
38 12
20 31
15 46
2 47
7 39
37 2
4 24
18 7
31 48
43 46
30 2
0 7
47 44
8 19
28 38
13 44
15 45
1 49
12 13
39 5
31 34
43 35
4 46
38 19
22 1
30 3
48 17
44 39
25 22
17 23
8 11
46 30
7 8
16 12
48 38
7 21
14 2
27 34
29 6
6 21
43 18
35 15
14 46
11 38
19 32
15 11
16 17
36 5
12 4
40 32
0 29
11 0
25 39
6 27
35 22
0 32
44 48
14 31
26 36
20 22
36 45
28 13
3 13
33 29
31 12
5 21
40 3
0 39
28 33
39 4
0 2
40 14
37 7
9 23
4 30
2 39
32 33
30 12
25 14
47 4
18 8
32 14
15 41
38 46
4 19
7 20
27 42
46 26
49 2
48 23
5 8
8 22
19 42
42 31
4 33
12 20
8 1
33 16
15 12
41 49
15 38
30 9
9 48
33 34
15 0
1 23
47 13
36 33
24 7
5 24
24 2
39 12
20 41
17 41
29 45
17 29
25 9
6 20
42 16
2 8
27 15
10 30
19 44
3 39
8 0
34 18
29 15
48 46
41 12
14 19
26 43
7 11
28 20
24 30
31 27
27 1
27 38
39 42
4 0
25 38
8 49
30 47
25 0
25 5
47 0
18 22
10 38
28 17
14 39
6 30
49 28
47 14
20 42
2 34
35 0
34 20
31 41
37 31
35 1
35 39
33 39
48 4
37 25
24 35
26 14
14 6
31 16
24 47
2 44
1 47
29 9
11 41
42 5
12 25
42 12
49 37
25 45
34 3
27 41
26 0
18 16
29 32
29 1
31 13
23 18
13 35
30 21
24 43
46 35
20 36
35 49
15 16
22 16
28 7
3 0
26 9
15 28
1 39
38 40
26 39
34 15
28 14
45 39
3 49
43 12
33 2
31 24
45 40
3 42
25 15
34 32
4 34
14 27
16 3
10 12
42 9
46 10
23 11
8 47
45 21
36 22
25 8
37 27
6 37
13 27
13 33
31 47
45 47
23 3
41 34
36 38
40 47
29 11
24 1
7 33
38 31
37 39
2 16
16 4
40 48
46 18
19 13
41 16
10 18
48 47
2 12
32 23
6 3
17 44
19 26
27 7
10 14
49 21
41 25
16 47
31 43
38 3
27 16
2 40
20 24
35 47
3 29
20 47
25 48
26 45
13 9
9 39
29 34
43 45
4 11
11 18
23 28
11 10
8 45
32 25
20 0
33 38
25 29
18 32
22 31
41 10
5 40
38 7
30 15
12 46
32 8
21 43
22 15
43 40
5 0
48 33
32 12
24 45
44 20
30 13
15 39
36 31
41 46
5 49
5 9
18 31
32 28
30 31
26 4
13 20
6 48
2 1
43 47
19 15
37 10
22 6
9 32
33 31
13 40
2 43
47 41
35 10
45 11
20 10
0 22
21 18
11 36
10 49
2 13
16 1
11 2
13 8
46 13
21 25
16 28
37 3
34 49
13 34
26 5
25 30
37 14
10 27
11 24
3 9
19 3
23 27
43 3
36 16
8 10
2 48
23 6
43 32
18 2
4 22
19 0
29 31
20 33
45 14
28 12
34 36
23 42
28 37
44 0
46 9
36 9
20 46
3 24
33 30
30 38
27 8
28 22
23 0
44 14
44 43
7 48
20 35
29 21
8 23
21 47
10 17
5 28
24 23
43 13
43 19
19 40
5 46
19 37
27 35
31 23
10 25
9 6
0 41
37 36
32 20
39 28
48 41
5 16
28 18
27 4
42 6
20 2
17 39
27 0
40 37
11 30
19 36
40 28
32 11
47 38
35 48
42 17
9 4
29 46
30 37
24 9
13 26
41 6
27 32
43 33
41 36
12 36
14 22
45 37
1 31
31 15
18 25
2 46
3 4
4 40
8 28
4 13
35 18
41 21
0 1
22 10
49 4
38 21
3 36
49 47
44 32
3 1
19 21
21 8
36 39
40 0
6 34
10 36
8 3
4 23
3 47
49 27
19 10
15 13
14 33
12 0
44 34
30 34
27 47
44 27